-0.056353989988565445
-0.10923011600971222
-0.0784822478890419
0.015285274013876915
-0.1822594553232193
-0.1259799599647522
-0.16571581363677979
-0.14678113162517548
0.0024359216913580894
-0.07750017940998077
-0.09432928264141083
0.004931358154863119
-0.11195427924394608
0.017658304423093796
-0.10056300461292267
-0.08725697547197342
0.02625751867890358
-0.05612710490822792
0.09670890867710114
0.10734663158655167
0.059192582964897156
-0.05294587463140488
-0.04260016232728958
0.05617818981409073
0.010699903592467308
-0.056526776403188705
-0.17331363260746002
-0.10673022270202637
-0.00019614933989942074
0.08638453483581543
0.19944994151592255
0.3771120309829712
0.36564725637435913
0.13386107981204987
0.13861851394176483
0.1926085650920868
-0.02332894690334797
-0.11009840667247772
-0.17570462822914124
0.016897527500987053
-0.1338154822587967
0.0011713160201907158
0.21115119755268097
0.2136709839105606
0.3557673990726471
0.3636433482170105
0.3308864235877991
0.20567022264003754
0.04507968947291374
0.038243282586336136
0.00455378508195281
-0.07750237733125687
-0.16418969631195068
-0.1461833268404007
-0.3593694865703583
-0.14007079601287842
0.08390163630247116
0.32533422112464905
0.39155328273773193
0.43161633610725403
0.03470635041594505
-0.07211752980947495
-0.054897576570510864
0.03670867905020714
0.04742877185344696
-0.026896923780441284
-0.3815484941005707
-0.593123197555542
-0.02503933198750019
0.09067799896001816
0.24097363650798798
0.3262729048728943
-0.08410578966140747
-0.04125623404979706
0.010634399950504303
0.09952674061059952
0.21248982846736908
0.17012055218219757
-0.40657299757003784
-0.5711162686347961
-0.15016324818134308
0.013729930855333805
0.16331999003887177
0.3743540346622467
-0.12122352421283722
-0.0944451093673706
0.17722177505493164
0.20343182981014252
0.3591932952404022
0.06673281639814377
-0.4664611220359802
-0.44038212299346924
-0.20799130201339722
-0.1721021682024002
-0.13954851031303406
0.18038462102413177
-0.07946868985891342
0.014611594378948212
0.3021847903728485
0.34806132316589355
0.5229651927947998
0.24664026498794556
-0.10232502967119217
-0.16222035884857178
-0.11755061149597168
-0.3190125524997711
-0.000575020385440439
0.013153973035514355
-0.06909793615341187
0.03338434547185898
0.2737065851688385
0.2513962388038635
0.3979915976524353
0.4684557020664215
0.16834509372711182
-0.10204274207353592
-0.33207014203071594
-0.37329569458961487
-0.1952950805425644
0.0631493330001831
-0.09088264405727386
0.0809330865740776
0.16266150772571564
0.0834210216999054
0.0861448422074318
0.2050698697566986
0.07709602266550064
-0.19278784096240997
-0.3424537479877472
-0.1908034235239029
-0.0042388103902339935
0.07656989246606827
-0.07154437899589539
-0.003863029647618532
-0.05220998451113701
0.08155709505081177
-0.02554808184504509
-0.06558851152658463
-0.10765042901039124
-0.06654971837997437
-0.16077153384685516
-0.055774886161088943
-0.017453713342547417
0.029448386281728745
0.07790079712867737
0.015869712457060814
-0.0887489840388298
-0.030978355556726456
-0.029202157631516457
-0.05595162883400917
-0.11153142154216766
0.010035146027803421
0.03773971647024155
0.0800161138176918
-0.010693616233766079
-0.009900678880512714
0.035289086401462555
0.0037371565122157335
-0.1026889905333519
-0.11958988010883331
-0.015003175474703312
0.08026120066642761
0.08302153646945953
0.05056381970643997
-0.013417435809969902
-0.09471254050731659
-0.032726187258958817
-0.07213322818279266
0.05276516452431679
0.060545772314071655
-0.12643826007843018
-0.0327068492770195
0.12099026888608932
0.08794963359832764
0.08421500027179718
0.24860069155693054
0.09151808172464371
0.10410117357969284
0.06995584070682526
-0.12775252759456635
0.041736699640750885
-0.13963869214057922
0.06195298582315445
0.17532117664813995
-0.008642538450658321
0.010374567471444607
0.04691246151924133
0.1604878008365631
0.19746291637420654
0.11915240436792374
0.1996733844280243
-0.022035762667655945
0.05586620420217514
-0.021535024046897888
0.10631220787763596
0.06338357925415039
0.1642022430896759
0.24749214947223663
-0.06465920805931091
0.016982097178697586
0.2815537452697754
0.3599221408367157
0.4943525493144989
0.10442106425762177
-0.06716041266918182
0.0766637995839119
0.22989386320114136
0.07798437774181366
0.42753729224205017
0.21661968529224396
-0.30302801728248596
-0.06673652678728104
0.4119245409965515
0.35283178091049194
0.594904899597168
-0.0291634239256382
0.047437217086553574
0.1340237855911255
0.43828853964805603
0.5293900966644287
0.5312867164611816
-0.025543075054883957
-0.4045812785625458
0.055603232234716415
0.15195335447788239
0.15880952775478363
0.4907791316509247
-0.030433285981416702
0.06400935351848602
0.3698303699493408
0.502062976360321
0.5674219131469727
0.4980366826057434
-0.17386044561862946
-0.14853902161121368
0.0985303595662117
0.06352324783802032
0.14591439068317413
0.22366619110107422
-0.047028977423906326
-0.10191875696182251
0.29652783274650574
0.3818763792514801
0.4885227084159851
0.273132860660553
-0.017613548785448074
-0.020961325615644455
-0.12380068004131317
-0.009762302972376347
0.06697026640176773
0.05414941534399986
-0.08699145913124084
-0.14425265789031982
0.12099981307983398
0.1516638845205307
0.2757129371166229
0.32985919713974
-0.08479073643684387
-0.28889474272727966
-0.05355321615934372
-0.038069985806941986
0.0849171131849289
0.05786627531051636
-0.06875620037317276
-0.11793210357427597
-0.10831335186958313
0.2243119329214096
0.14461085200309753
0.03380575403571129
-0.17028819024562836
-0.19485124945640564
-0.32627764344215393
-0.18338298797607422
-0.15555132925510406
-0.008432641625404358
0.001136259874328971
0.05852111056447029
0.014894243329763412
-0.07442446798086166
-0.05537179112434387
-0.054825253784656525
-0.16161082684993744
-0.07753852754831314
-0.15183499455451965
-0.04757266119122505
-0.018780944868922234
0.01904570497572422
0.007515853736549616
0.028552111238241196
-0.06653743237257004
-0.14016935229301453
-0.0027188987005501986
-0.04337090253829956
-0.039366330951452255
-0.0793352946639061
-0.10930920392274857
-0.035939499735832214
-0.08476465195417404
-0.12454524636268616
0.011419559828937054
-0.10420049726963043
-0.006968492642045021
-0.1359618902206421
-0.17566895484924316
-0.047026775777339935
0.15768398344516754
0.026197899132966995
-0.05110662057995796
0.04820900037884712
0.034085214138031006
-0.07262729108333588
-0.013392792083323002
-0.13111381232738495
0.012119308114051819
-0.0383329801261425
-0.07607819885015488
0.0940852239727974
0.04339344799518585
0.022027472034096718
0.2073608636856079
0.10313340276479721
0.06785844266414642
0.0375819131731987
-0.024184755980968475
-0.0354476273059845
0.015986694023013115
-0.05643957853317261
-0.09432174265384674
-0.08191437274217606
-0.01880986988544464
0.02150256745517254
0.1284242868423462
-0.03016635961830616
-0.14367784559726715
-0.11423119902610779
0.08789975941181183
0.014973914250731468
-0.01800510846078396
-0.05758974328637123
-0.05770403519272804
-0.024917565286159515
-0.15862278640270233
-0.45869261026382446
-0.5389323234558105
-0.5107869505882263
-0.18879835307598114
0.08647654950618744
0.07777102291584015
0.008879532106220722
0.15217265486717224
0.1736801415681839
0.06295135617256165
-0.022291075438261032
-0.4683437943458557
-0.9487558007240295
-0.9447790384292603
-0.4955572485923767
-0.11347463726997375
0.09203682839870453
0.11516284942626953
0.005065774545073509
0.176044762134552
0.21889367699623108
0.15020011365413666
-0.22416318953037262
-0.8772605061531067
-0.8008172512054443
-0.3959146738052368
-0.2230926901102066
0.08149966597557068
0.09027810394763947
0.05906086415052414
0.09855131804943085
0.13882699608802795
-0.07998695969581604
-0.08799957484006882
-0.2550347149372101
-0.6586874723434448
-0.3125188946723938
-0.048618022352457047
-0.028985831886529922
0.1593463122844696
-0.017468919977545738
-0.04345938563346863
0.08449860662221909
0.07853216677904129
-0.043421871960163116
-0.12101088464260101
-0.04247397184371948
-0.005452610552310944
0.29243552684783936
0.11111299693584442
0.061626821756362915
-0.03476457670331001
0.01232962217181921
-0.11153050512075424
0.06077967956662178
0.011393141932785511
-0.060120563954114914
-0.06491399556398392
-0.06588178873062134
0.3099680244922638
0.20316368341445923
0.20003937184810638
0.014152025803923607
-0.016325227916240692
0.04674873128533363
-0.08560599386692047
-0.06690903753042221
-0.07075691968202591
-0.06995690613985062
-0.1067943200469017
0.1233457401394844
0.23572422564029694
0.2708010971546173
0.039241254329681396
0.09411615133285522
-0.11043713986873627
-0.10581991821527481
0.10845466703176498
-0.0481661856174469
0.018048647791147232
-0.08173056691884995
-0.18619732558727264
-0.13937969505786896
-0.15257006883621216
-0.016905011609196663
0.02587543986737728
0.031382545828819275
-0.09807692468166351
-0.102816142141819
0.028260622173547745
-0.07668577879667282
0.10861628502607346
0.08460666984319687
-0.037635792046785355
-0.015028602443635464
-0.09320543706417084
0.019577033817768097
0.10206141322851181
-0.01767817698419094
0.0016134046018123627
0.04364234209060669
0.0597822368144989
0.04139943793416023
-0.08412175625562668
0.024750256910920143
-0.08122213184833527
0.05603186786174774
-0.07541457563638687
0.13152307271957397
-0.04958617314696312
-0.14423184096813202
0.08376096934080124
0.23853999376296997
0.06647142022848129
-0.09042239189147949
-0.09423532336950302
-0.1143166571855545
-0.03917374089360237
-0.20709718763828278
0.03101353347301483
0.03956698626279831
-0.20799270272254944
-0.25741302967071533
-0.08153710514307022
0.04343024641275406
-0.10674610733985901
0.0032343417406082153
0.06352720409631729
-0.030784200876951218
-0.14825503528118134
-0.20003755390644073
0.016511373221874237
0.38929665088653564
0.16303986310958862
-0.07251788675785065
-0.19139504432678223
-0.09509950131177902
-0.008229277096688747
0.05276761204004288
0.11561910063028336
-0.09256992489099503
-0.03731434792280197
-0.3754045367240906
-0.22687771916389465
0.2658349871635437
0.44137606024742126
0.018011048436164856
-0.1998305320739746
-0.08449673652648926
-0.1642255038022995
0.08360456675291061
-0.003266408806666732
0.029164407402276993
-0.09778717160224915
-0.4772406220436096
-0.5225907564163208
0.2669427692890167
0.33383941650390625
-0.18052925169467926
-0.11168073862791061
-0.16977794468402863
0.07947751134634018
-0.02439367026090622
0.042004555463790894
-0.2065436840057373
-0.2071937918663025
-0.5920203924179077
-0.3128010928630829
0.4515469968318939
-0.11422624439001083
-0.41248467564582825
-0.24054928123950958
-0.13182657957077026
0.013265340588986874
-0.09139201045036316
-0.1019844338297844
-0.2796430289745331
-0.38187021017074585
-0.2594328820705414
-0.02965325117111206
0.31278398633003235
-0.2888786494731903
-0.2537894546985626
-0.06521172821521759
-0.15241673588752747
-0.07586406916379929
0.07916473597288132
-0.011079580523073673
-0.25971361994743347
-0.4269283711910248
-0.18045882880687714
0.025443948805332184
0.3069126605987549
0.08971153944730759
0.2695761024951935
0.15919525921344757
0.063457190990448
0.0640033558011055
0.08917269110679626
-0.02565823122859001
-0.07648877054452896
-0.26366057991981506
-0.23916606605052948
-0.13715136051177979
0.16572774946689606
0.2619871199131012
0.4466058015823364
0.08890453726053238
0.11698590219020844
-0.03189463168382645
0.02696649357676506
-0.09989805519580841
0.00586183974519372
-0.033828865736722946
-0.12981417775154114
0.1076778993010521
-0.02122497372329235
0.3200497329235077
0.3435271084308624
0.07361011952161789
0.034680213779211044
-0.03667015954852104
0.12218979746103287
-0.033790312707424164
-0.016966067254543304
0.003453183686360717
-0.04840832203626633
-0.05022648349404335
-0.19127005338668823
-0.17204953730106354
-0.026145093142986298
0.10547411441802979
-0.03557134047150612
-0.008083242923021317
-0.006889107637107372
-0.047707848250865936
-0.059962112456560135
-0.11684605479240417
0.07184721529483795
0.14924655854701996
0.14171916246414185
-0.0286874920129776
0.029351240023970604
0.06868939101696014
-0.06227192282676697
0.128492072224617
0.00414463272318244
0.03785741701722145
-0.06093501299619675
0.05222177878022194
0.06718876212835312
0.4364486038684845
0.5481789112091064
0.4631485044956207
0.30028247833251953
0.24507372081279755
0.055222779512405396
0.08157651871442795
-0.0759890004992485
0.08456101268529892
-0.09577390551567078
-0.0802362859249115
0.18504582345485687
0.4947349727153778
0.43532484769821167
0.42855435609817505
0.541748583316803
0.3989908993244171
0.01798044703900814
-0.09157991409301758
-0.05500885844230652
0.06591134518384933
-0.12179077416658401
-0.14946076273918152
0.060799550265073776
0.1055067628622055
0.22094467282295227
0.2857605814933777
0.25593113899230957
0.20506687462329865
-0.061170972883701324
-0.0952669233083725
0.0240352563560009
-0.06595561653375626
-0.14676715433597565
-0.30790969729423523
-0.07784964144229889
0.035983856767416
0.5118799209594727
0.3966484069824219
0.09372500330209732
-0.04238799214363098
-0.0506463423371315
0.017746904864907265
0.0021468745544552803
0.06605155020952225
-0.12028658390045166
-0.2524659335613251
-0.43640074133872986
0.3623932898044586
0.775319516658783
0.3375478982925415
-0.12678135931491852
0.003994364757090807
-0.05151314288377762
-0.043448563665151596
0.006619694642722607
-0.043454140424728394
-0.06272655725479126
-0.13488496840000153
-0.2130269706249237
0.7093278169631958
0.9905136227607727
-0.06297053396701813
-0.1781509965658188
-0.11975431442260742
0.07653533667325974
-0.021193310618400574
-0.05131221562623978
-0.13703806698322296
-0.2255893498659134
-0.18384450674057007
-0.049081090837717056
0.7442331910133362
0.36509764194488525
-0.27304622530937195
-0.18717436492443085
0.008879028260707855
0.05047887563705444
-0.03729832544922829
0.011019726283848286
-0.057027291506528854
-0.2077193409204483
0.1371658891439438
0.1059909239411354
0.40548327565193176
0.1210334375500679
-0.13148394227027893
-0.13152314722537994
-0.10970122367143631
0.0676174983382225
-0.10645584762096405
0.10988250374794006
-0.08642476797103882
0.0902981087565422
-0.011964726261794567
-0.16095958650112152
0.07270267605781555
0.23902076482772827
-0.10979374498128891
-0.006503313314169645
-0.0500439777970314
0.0788111761212349
0.047348376363515854
-0.03432812541723251
0.08656583726406097
0.15368551015853882
0.27501240372657776
0.2314101755619049
0.049397800117731094
0.12022758275270462
0.03263295441865921
0.01268733013421297
0.07474380731582642
-0.01575702801346779
0.11248695105314255
-0.06264754384756088
-0.03578759357333183
0.1456945538520813
0.03748976066708565
-0.11550494283437729
-0.113409124314785
0.021458566188812256
0.03990544378757477
-0.024379471316933632
0.07858070731163025
-0.0704432800412178
-0.020140886306762695
0.09131240844726562
-0.01624498888850212
0.06953243911266327
0.027426552027463913
-0.1612657606601715
-0.17865177989006042
0.06127500534057617
-0.11088857799768448
-0.12635818123817444
-0.07377318292856216
0.11546742171049118
0.019858887419104576
-0.05276806280016899
0.08109087496995926
-0.12240978330373764
-0.23058973252773285
-0.17729856073856354
-0.2205604463815689
-0.19029627740383148
-0.1683080643415451
-0.031286053359508514
0.27208712697029114
0.1984521448612213
0.04557182267308235
-0.09237417578697205
0.04182395711541176
-0.08129670470952988
-0.280694842338562
-0.5099421739578247
-0.6214008927345276
-0.7003339529037476
-0.5567237734794617
-0.045308876782655716
-0.01918255165219307
-0.09870103001594543
-0.20285849273204803
-0.0020879735238850117
-0.12416976690292358
-0.19814693927764893
-0.11331412196159363
-0.3001500964164734
-0.32962465286254883
-0.03755916655063629
0.2076801210641861
-0.10352122783660889
-0.220815971493721
-0.3978561460971832
-0.022464942187070847
-0.06916353851556778
0.0018944797338917851
-0.04844600707292557
-0.1453612893819809
-0.252206414937973
-0.006374513730406761
0.24783818423748016
-0.027030952274799347
-0.2553502321243286
-0.1637321263551712
-0.11065948009490967
0.07839733362197876
0.03066387213766575
0.09087232500314713
-0.18959881365299225
-0.24836227297782898
-0.5163267850875854
0.055381376296281815
-0.21983329951763153
-0.49831002950668335
-0.4149326682090759
-0.20029865205287933
-0.07766251266002655
-0.06150608882308006
0.036649398505687714
-0.12465084344148636
-0.1563878208398819
-0.46711745858192444
-0.28784871101379395
-0.007363741286098957
-0.15663713216781616
-0.6300530433654785
-0.5021930932998657
-0.3380011022090912
-0.055610742419958115
-0.02755553275346756
-0.048604995012283325
-0.045690760016441345
-0.297841876745224
-0.06149141862988472
-0.14345304667949677
0.06641847640275955
-0.46087849140167236
-0.4407595992088318
-0.3446634113788605
-0.06021231412887573
0.027224937453866005
0.01424800418317318
-0.12490258365869522
-0.04526478797197342
0.06401222944259644
-0.004130884539335966
0.07603964954614639
-0.1113838478922844
-0.3800877332687378
0.009102504700422287
0.08267585188150406
0.1813081055879593
0.0911177396774292
0.13103334605693817
-0.03505115583539009
0.21826797723770142
0.4265579581260681
0.6237116456031799
-0.03590509295463562
-0.45168057084083557
-0.13586322963237762
0.1908949613571167
0.25181734561920166
0.1274799108505249
0.08397748321294785
0.08219131082296371
-0.05444787070155144
0.3535597622394562
0.294501930475235
0.10704703629016876
-0.4169923663139343
-0.5135805606842041
-0.26142892241477966
-0.10809873789548874
0.014334865845739841
-0.048387326300144196
-0.016117403283715248
0.11230358481407166
-0.009753511287271976
-0.11257578432559967
-0.10823709517717361
-0.14360018074512482
-0.1321532130241394
-0.08679390698671341
-0.1520530730485916
-0.05969785153865814
0.10960464179515839
-0.09505870938301086
-0.014338553883135319
0.0812736377120018
0.013494840823113918
-0.019906118512153625
-0.054640062153339386
0.13670383393764496
0.18181942403316498
0.2057969570159912
0.11467259377241135
0.20124086737632751
0.1042705774307251
-0.14347349107265472
-0.11119513213634491
-0.09413688629865646
0.06178291141986847
-0.03623819723725319
-0.028678542003035545
0.22527249157428741
0.2847270667552948
0.3415146470069885
0.40884894132614136
0.38541024923324585
0.34825631976127625
0.060071513056755066
0.06424956023693085
-0.1649959534406662
-0.048601649701595306
-0.04792308434844017
0.09202074259519577
0.07061012834310532
0.2483450025320053
0.21882832050323486
0.30551454424858093
0.16437660157680511
0.31870827078819275
0.2524816393852234
0.08630041033029556
-0.041716914623975754
0.001050892286002636
0.04490537568926811
-0.0008704416686668992
-0.1525765061378479
0.1881912499666214
0.1145726889371872
0.26262974739074707
0.2683035135269165
0.16084805130958557
0.11518534272909164
0.019085479900240898
-0.18489962816238403
-0.04509109631180763
0.07376136630773544
-0.29433178901672363
-0.5303853154182434
-0.4803895354270935
-0.2976894974708557
-0.3192218244075775
-0.15506435930728912
0.015168650075793266
-0.020053928717970848
-0.025856902822852135
-0.14737847447395325
-0.05323829501867294
0.013332626782357693
-0.4671047329902649
-0.528131902217865
-0.2693118751049042
-0.16549135744571686
-0.31215858459472656
-0.5362169146537781
-0.4413403272628784
-0.1444290727376938
-0.17750675976276398
-0.10599333047866821
-0.026647986844182014
0.01454172097146511
-0.3224506676197052
-0.6102254986763
-0.5929650068283081
-0.25279873609542847
0.08189902454614639
-0.27070698142051697
-0.3041379749774933
-0.3132662773132324
-0.1780194789171219
0.025978874415159225
0.010226337239146233
-0.025098437443375587
-0.23494882881641388
-0.3631044030189514
-0.4075801372528076
-0.04215988889336586
-0.0482160858809948
-0.07580693811178207
-0.033550091087818146
-0.04979676753282547
0.030950333923101425
0.08054149150848389
0.1124911978840828
0.041966501623392105
0.13199114799499512
0.048916708678007126
-0.04490157961845398
0.15811941027641296
0.011598719283938408
0.06024390459060669
0.17325861752033234
0.23649179935455322
0.15153376758098602
0.16870556771755219
0.09097903221845627
0.03547315672039986
0.10045427083969116
-0.05252537131309509
0.004967727232724428
0.13369812071323395
-0.04408283531665802
0.1426430195569992
0.7013037800788879
0.49553459882736206
0.08887343853712082
0.07286137342453003
0.023665212094783783
-0.027463426813483238
-0.0828351154923439
0.006032758392393589
-0.04782923310995102
-0.07502564787864685
-0.011249998584389687
0.18529808521270752
0.3836095929145813
0.16396011412143707
-0.043036431074142456
0.07921066135168076
0.016159305348992348
-0.0634559914469719
0.01157090812921524
-0.05405961722135544
-0.07492942363023758
-0.11068520694971085
-0.010304686613380909
-0.15281276404857635
0.029022645205259323
-0.04198962077498436
0.0878114253282547
0.05178774893283844
0.037361159920692444
0.11398046463727951
-0.015860173851251602
0.14474180340766907
0.034517448395490646
0.09996980428695679
-0.06464182585477829
0.027339814230799675
0.03738144040107727
-0.00649646483361721
-0.11972197890281677
0.019631484523415565
-0.11103706806898117
0.08311838656663895
0.09884870797395706
0.03443441912531853
-0.039346758276224136
-0.023244094103574753
-0.20877894759178162
0.00529798399657011
-0.2955969274044037
-0.05900881066918373
-0.051551226526498795
-0.10368745028972626
0.005220048129558563
0.02873348630964756
-0.016368836164474487
0.012501743622124195
-0.24924243986606598
-0.26888784766197205
-0.16127674281597137
-0.08584583550691605
-0.16659164428710938
0.08851946890354156
-0.07726270705461502
0.09762976318597794
-0.028731774538755417
-0.000028094933441025205
-0.25957244634628296
-0.26285675168037415
-0.2614714503288269
-0.34934595227241516
-0.12251286208629608
-0.09546424448490143
0.06219196692109108
0.22218044102191925
-0.06169974058866501
0.017284072935581207
0.05045075714588165
-0.2622659504413605
-0.45292016863822937
-0.6134018898010254
-0.4888947904109955
-0.6791718006134033
-0.4063372313976288
0.018330281600356102
0.2691192626953125
0.3276172876358032
0.03293401747941971
-0.0360899344086647
-0.10696209967136383
-0.31313860416412354
-0.6923747062683105
-0.6270076036453247
-0.8407592177391052
-0.5191100239753723
-0.20697009563446045
0.13983751833438873
0.4191865921020508
0.1770469844341278
-0.06697776168584824
-0.04805576056241989
-0.029278507456183434
-0.2627298831939697
-0.176268070936203
-0.3438241183757782
-0.20921550691127777
0.10570687055587769
-0.08395572006702423
0.054208412766456604
0.20158760249614716
0.015684962272644043
-0.20676901936531067
0.11242828518152237
0.10305994004011154
0.28575608134269714
0.15319593250751495
0.24453696608543396
0.3636891841888428
0.5466783046722412
0.19978837668895721
0.16163386404514313
-0.060235876590013504
-0.24226394295692444
-0.36807358264923096
-0.08959431201219559
0.09606598317623138
0.4862093925476074
0.3733420968055725
0.421002596616745
0.5593276023864746
0.1747133731842041
-0.022043801844120026
-0.1837930828332901
-0.5759024024009705
-0.4219912886619568
-0.25036653876304626
0.0300478283315897
0.07854250818490982
0.24367833137512207
0.31585484743118286
0.35174912214279175
0.24561920762062073
-0.023748129606246948
-0.35976025462150574
-0.40768441557884216
-0.6368406414985657
-0.5318248271942139
-0.28121641278266907
0.08629512041807175
0.006383528001606464
0.03292154520750046
-0.04584565386176109
-0.004217632580548525
-0.11213431507349014
-0.356632262468338
-0.49759647250175476
-0.39113932847976685
-0.2942958176136017
-0.09372957795858383
-0.0953056737780571
-0.011556031182408333
-0.005947938654571772
-0.00974346324801445
-0.19088107347488403
-0.19241675734519958
-0.33388596773147583
-0.105896957218647
-0.28091180324554443
-0.2686074674129486
-0.1331741064786911
-0.15826281905174255
-0.06554172188043594
0.08045056462287903
-0.02446136623620987
-0.00010846041550394148
-0.026465240865945816
0.08740098774433136
0.2705496847629547
0.3473637104034424
0.25836995244026184
0.013649702072143555
-0.07709158211946487
-0.06562764942646027
-0.1251896768808365
-0.0850815400481224
0.09416420757770538
0.09276652336120605
0.264059841632843
0.383404403924942
0.5360052585601807
0.384509801864624
0.25898998975753784
0.05361878499388695
0.08814377337694168
-0.008401029743254185
-0.19362542033195496
-0.15060600638389587
-0.019347961992025375
0.12376490235328674
0.18760362267494202
0.09705051779747009
0.1616014987230301
0.09977111220359802
0.012096131220459938
-0.36633598804473877
-0.5503094792366028
-0.4765947163105011
-0.19838173687458038
-0.11995642632246017
0.12629804015159607
0.13266170024871826
0.23580121994018555
0.44997599720954895
0.3575309216976166
0.2519569993019104
-0.11195413768291473
-0.33067992329597473
-0.3663943111896515
-0.35648494958877563
-0.2746736705303192
-0.10832425951957703
-0.06161174923181534
0.054721999913454056
-0.023777658119797707
0.05226301774382591
-0.20307059586048126
-0.3812495172023773
-0.49704477190971375
-0.6609049439430237
-0.3509722054004669
-0.4070814251899719
-0.28831225633621216
0.03550650179386139
-0.06502430140972137
-0.06862503290176392
0.0791902095079422
0.3519076406955719
0.20403888821601868
0.2782655656337738
0.008489743806421757
-0.23924899101257324
-0.2508825957775116
-0.19810760021209717
0.1450597494840622
0.23418304324150085
-0.03505689650774002
0.2354929894208908
0.6722947955131531
0.5601330995559692
0.6476649641990662
0.5439862608909607
0.21214444935321808
0.24469494819641113
0.12530574202537537
0.279800683259964
0.38846293091773987
0.35474756360054016
0.18357768654823303
0.43372097611427307
0.4610135853290558
0.5341174006462097
0.5073043704032898
0.5467422604560852
0.42687442898750305
0.31496289372444153
0.3140485882759094
0.5493282079696655
0.7615336775779724
0.5923424363136292
0.05886639654636383
0.2711441218852997
0.406068354845047
0.3386373519897461
0.46385231614112854
0.3933120667934418
0.34247803688049316
0.34130942821502686
0.4375428855419159
0.7331879138946533
0.6996046304702759
0.48042675852775574
0.04387044534087181
0.1920209378004074
-0.020982736721634865
0.06002078950405121
0.12453814595937729
0.16734682023525238
0.298780620098114
0.2331065535545349
0.8081832528114319
0.6095874309539795
0.5038496851921082
0.21187041699886322
0.09572892636060715
-0.13944995403289795
-0.2502928078174591
-0.1148110181093216
-0.0579235702753067
-0.04488065093755722
0.11595945060253143
0.22688701748847961
0.2532244324684143
0.27023568749427795
0.2636817991733551
-0.035637468099594116
0.030177950859069824
-0.010856840759515762
-0.0632009357213974
-0.10866484045982361
-0.09813714772462845
-0.21948738396167755
-0.050125326961278915
0.14256851375102997
-0.06798263639211655
0.11558692157268524
0.0327766053378582
-0.008608028292655945
0.09028118848800659
0.055756404995918274
0.16154135763645172
0.09390085190534592
0.14681902527809143
0.25190845131874084
0.14439021050930023
0.17139440774917603
0.13078010082244873
-0.1294739544391632
-0.11489258706569672
-0.11386100202798843
-0.055224668234586716
0.058907292783260345
0.1182527020573616
0.25410062074661255
0.2982558012008667
0.43122339248657227
0.29717907309532166
0.35923686623573303
0.26744136214256287
0.13089703023433685
0.034539103507995605
-0.19784049689769745
-0.033740777522325516
0.054695770144462585
0.15727220475673676
0.13661329448223114
0.46621736884117126
0.5836982727050781
0.5775613784790039
0.44949012994766235
0.17195236682891846
0.33186498284339905
0.08568093180656433
-0.27659744024276733
0.08629053831100464
-0.03603154793381691
-0.019240286201238632
-0.3209567964076996
-0.5245591998100281
-0.3645707666873932
0.04744568094611168
0.05349152162671089
0.06427744030952454
0.1579151451587677
0.09278210252523422
-0.11755973100662231
0.011985024437308311
0.018703149631619453
-0.4070339500904083
-0.7921497225761414
-0.8375697135925293
-0.6943181157112122
-0.24194662272930145
-0.14936159551143646
-0.3139036297798157
-0.13004682958126068
-0.17013458907604218
-0.0754251778125763
-0.04730213060975075
-0.12378810346126556
-0.4202336370944977
-0.8581089377403259
-0.8056231141090393
-0.34407150745391846
0.030098337680101395
-0.12212567776441574
-0.11278454214334488
-0.11802501976490021
-0.3648647964000702
-0.1597004383802414
-0.025494897738099098
-0.000720067007932812
-0.08530525863170624
-0.1477712094783783
-0.12744368612766266
0.020037323236465454
0.1895054429769516
0.029027950018644333
0.27026209235191345
0.11693324148654938
0.021680470556020737
-0.03953748941421509
-0.022598130628466606
0.11968890577554703
0.2330908626317978
0.2477727234363556
-0.020526232197880745
-0.004202008713036776
0.23060815036296844
0.3247387409210205
0.3972640335559845
0.26402461528778076
0.3739854395389557
0.045192644000053406
0.07994116097688675
0.2579030394554138
0.3550589680671692
0.13285955786705017
0.1338091343641281
0.008346077986061573
0.041998039931058884
0.3900640308856964
0.1863403618335724
0.09768106788396835
0.0761195495724678
-0.09406442195177078
0.04326390475034714
0.10809588432312012
0.1357657015323639
0.09773074835538864
-0.03908814862370491
-0.32579246163368225
-0.14993518590927124
-0.028655704110860825
-0.10518833994865417
0.05256162956357002
-0.04002135246992111
-0.09637890756130219
0.08448894321918488
0.21552689373493195
0.3666827380657196
0.12385139614343643
0.014021232724189758
-0.08603359758853912
-0.18473383784294128
-0.305706262588501
-0.2093745917081833
0.02927546761929989
-0.08715959638357162
0.0035263586323708296
-0.11820366978645325
0.04444921016693115
0.06721360981464386
0.16279388964176178
0.05075734853744507
-0.060586534440517426
-0.016352854669094086
-0.042191267013549805
0.060399122536182404
-0.04072912409901619
-0.07087137550115585
-0.12382987886667252
-0.07664649188518524
0.06376731395721436
0.13850542902946472
-0.059536781162023544
0.038880545645952225
0.03282858803868294
-0.0960882306098938
-0.005893039982765913
-0.0402960404753685
-0.07917187362909317
-0.09073133021593094
-0.031456109136343
0.08030863106250763
-0.0378851480782032
0.12007509171962738
-0.029762210324406624
-0.08564294129610062
-0.02568408101797104
-0.030183877795934677
-0.012274366803467274
-0.03898044303059578
-0.14901182055473328
-0.08769743144512177
-0.11872384697198868
0.09262264519929886
-0.0015095864655449986
-0.14676271378993988
-0.16916097700595856
-0.47947752475738525
-0.15236574411392212
0.010665087029337883
0.10329772531986237
0.11346933245658875
0.08018586784601212
-0.10894890874624252
-0.1348206102848053
-0.010284194722771645
-0.08559200167655945
-0.31606483459472656
-0.478393018245697
-0.6813824772834778
-0.471413254737854
-0.07388878613710403
0.16227740049362183
0.4589448869228363
0.3637012839317322
-0.056331291794776917
0.07443960011005402
0.03576846420764923
-0.17565234005451202
-0.4292425513267517
-0.49069875478744507
-0.6143977046012878
-0.3056698143482208
0.09307089447975159
0.3136799931526184
0.27289730310440063
0.09496749192476273
-0.09056363254785538
0.08276496082544327
-0.06303774565458298
-0.19198966026306152
-0.6897280216217041
-0.48918798565864563
-0.3655487298965454
-0.02401105873286724
0.14358817040920258
0.052852001041173935
-0.13150601089000702
-0.42230096459388733
-0.2796654999256134
0.059883587062358856
0.0997375026345253
-0.35752052068710327
-0.5542322993278503
-0.4563596248626709
-0.24944737553596497
0.14832466840744019
-0.24657995998859406
-0.28275221586227417
-0.29285815358161926
-0.34064778685569763
-0.16276516020298004
-0.12846393883228302
0.01266962569206953
-0.1937234252691269
-0.5510225296020508
-0.6828867793083191
-0.7566897869110107
-0.31928396224975586
-0.7047054171562195
-0.32938987016677856
-0.023325741291046143
-0.011623351834714413
0.11379273980855942
-0.09077859669923782
0.142656147480011
0.08888118714094162
-0.46778592467308044
-0.6390302181243896
-0.8548582196235657
-0.6771013140678406
-0.31499817967414856
0.08472435921430588
0.2486434429883957
0.3105826675891876
0.17746441066265106
0.06452789902687073
0.13885769248008728
0.11300909519195557
-0.2497180998325348
-0.5020424127578735
-0.5929406881332397
-0.3395461142063141
-0.12344279885292053
0.10944434255361557
0.2596890330314636
0.20178180932998657
0.0901428684592247
-0.00959774386137724
0.026783982291817665
0.048934996128082275
-0.04742371290922165
-0.2690490782260895
-0.3205617666244507
-0.2578226923942566
-0.025885820388793945
0.058685652911663055
0.16626480221748352
0.02451419085264206
-0.050286807119846344
0.05253869295120239
-0.026037951931357384
-0.03220009058713913
0.02516782470047474
-0.04540709778666496
0.0972684994339943
0.01544500607997179
-0.034203141927719116
0.030567597597837448
-0.06909748911857605
0.05116436257958412
0.10374214500188828
0.06708741188049316
0.06634224951267242
0.09986640512943268
0.02184305340051651
0.13788455724716187
0.21376560628414154
0.28210359811782837
0.1695825308561325
0.2756638526916504
0.012948212213814259
-0.028428683057427406
0.038282301276922226
-0.06724750995635986
-0.050742875784635544
0.16506162285804749
0.31487640738487244
0.3272952139377594
0.39889633655548096
0.45613893866539
0.22154821455478668
0.07149061560630798
-0.07262090593576431
-0.21716037392616272
-0.2545853853225708
-0.21841885149478912
0.03292437270283699
0.28909963369369507
0.3089449405670166
0.34980541467666626
0.40489596128463745
0.2914937436580658
0.12627828121185303
0.0874711200594902
-0.24905435740947723
-0.21267321705818176
-0.22250263392925262
-0.18206335604190826
0.10241855680942535
0.08759140968322754
0.2397298663854599
0.3353289067745209
0.36246928572654724
0.44547468423843384
0.3327707350254059
0.13591347634792328
-0.21835367381572723
-0.17947129905223846
-0.28390365839004517
-0.10888605564832687
-0.023008326068520546
-0.18024449050426483
-0.08366375416517258
0.10212495923042297
0.3422039747238159
0.781361997127533
0.5793657898902893
0.616909921169281
0.35793718695640564
0.04616835340857506
-0.1392817199230194
-0.15282461047172546
0.038652993738651276
-0.2760615050792694
-0.2111421823501587
0.013203886337578297
0.45146891474723816
0.7009307146072388
0.6322051882743835
0.7230985760688782
0.32616090774536133
-0.09104655683040619
-0.11579383909702301
-0.02916410006582737
-0.04614437744021416
-0.20550841093063354
-0.2841220498085022
-0.3743579387664795
0.05771685391664505
0.3642581105232239
0.37872204184532166
0.23678357899188995
0.1840183287858963
0.12822291254997253
0.06748408824205399
-0.12499745190143585
-0.008983802981674671
-0.040160711854696274
-0.19926533102989197
-0.29902783036231995
-0.2924935817718506
-0.08796457946300507
-0.06782101839780807
0.17716673016548157
0.03347410261631012
-0.050031211227178574
-0.057889312505722046
-0.11841612309217453
0.13977299630641937
0.3073706328868866
0.15347549319267273
0.12236755341291428
0.04365680366754532
0.045093338936567307
0.2162666767835617
0.29948943853378296
0.08303233981132507
-0.09813525527715683
-0.2490364909172058
-0.21906381845474243
0.22654463350772858
0.2373756766319275
0.3500775396823883
0.3109115958213806
0.16570572555065155
0.29312869906425476
0.3765716254711151
0.20830461382865906
0.03109973669052124
-0.06242704764008522
-0.18811222910881042
-0.08619293570518494
0.17704708874225616
0.20633815228939056
0.2218199223279953
0.13918904960155487
0.4105730354785919
0.4922264516353607
0.29856088757514954
0.21331925690174103
0.13161835074424744
-0.11968088895082474
-0.18786881864070892
0.03205202519893646
0.06691020727157593
-0.061830662190914154
0.24308589100837708
0.3866349756717682
0.5000845789909363
0.6506524085998535
0.49936532974243164
0.18301862478256226
0.059188179671764374
0.07540933042764664
0.00017109377949964255
-0.10582929849624634
-0.08247164636850357
-0.0424702912569046
-0.06322884559631348
-0.052958887070417404
-0.1430632472038269
-0.26038849353790283
-0.34049057960510254
-0.3151051104068756
-0.2328367531299591
-0.043082792311906815
0.10234773904085159
-0.06317170709371567
0.04866119101643562
0.04719945788383484
-0.041031889617443085
0.041632600128650665
0.0134077537804842
-0.16111595928668976
-0.2607981562614441
-0.23376618325710297
-0.2822204530239105
-0.10877972096204758
-0.01180239673703909
0.17017555236816406
0.06673689931631088
0.06016870588064194
0.02996181696653366
0.0382559560239315
0.025638706982135773
-0.288338840007782
-0.40973058342933655
-0.61279296875
-0.3464024066925049
-0.44422703981399536
-0.04033646360039711
0.16232696175575256
0.008029434829950333
0.09111395478248596
0.0655105859041214
0.20290091633796692
0.18363861739635468
-0.08041716367006302
-0.43847715854644775
-0.38818615674972534
-0.2232396900653839
-0.4445101320743561
-0.25766387581825256
-0.1269439309835434
0.026876190677285194
-0.08573203533887863
0.08431386947631836
0.25476932525634766
0.33180972933769226
0.3366374671459198
-0.19698452949523926
0.039544809609651566
0.04849093034863472
-0.28958529233932495
-0.12076588720083237
-0.19573214650154114
-0.021866710856556892
-0.02814442291855812
0.272720605134964
0.35913708806037903
0.481823593378067
0.6097201108932495
-0.03474912792444229
0.3016194701194763
0.3064666986465454
0.2270468771457672
-0.056093309074640274
-0.18904314935207367
0.08693099021911621
-0.010966693051159382
0.25509631633758545
0.5802598595619202
0.21513012051582336
0.22431936860084534
-0.004189515486359596
0.35612329840660095
0.20478180050849915
0.0830477625131607
-0.04760843515396118
-0.1578318029642105
-0.10446925461292267
-0.027120960876345634
-0.06694093346595764
0.07933489978313446
0.12503498792648315
0.14982366561889648
-0.03351089730858803
0.13421325385570526
-0.07754290103912354
0.011287359520792961
-0.022638818249106407
-0.1125771701335907
-0.013469655998051167
0.008598812855780125
-0.21412652730941772
-0.40091070532798767
-0.4478178322315216
-0.2630228102207184
-0.03565273806452751
-0.04510026425123215
-0.04440135136246681
-0.05353572964668274
-0.021543368697166443
-0.2117590755224228
-0.07119298726320267
-0.0566912516951561
-0.21767622232437134
-0.3623057007789612
-0.4774719178676605
-0.29679957032203674
0.015735633671283722
0.13103587925434113
0.12609657645225525
0.16594082117080688
0.11115121096372604
-0.03742942959070206
-0.03331412747502327
-0.07121208310127258
0.02951950766146183
-0.08269362151622772
-0.04457712173461914
0.03762783855199814
0.1387893706560135
0.23140335083007812
0.22261570394039154
0.3471584618091583
0.07988344877958298
0.08264026045799255
0.09563393890857697
-0.03516532853245735
0.10366180539131165
-0.0338115431368351
-0.07714050263166428
-0.0747678354382515
-0.02848631702363491
-0.25376877188682556
-0.1597759872674942
-0.01784815639257431
0.0006963231135159731
0.0487147718667984
0.06900391727685928
0.05309382081031799
-0.03183731064200401
-0.055373579263687134
-0.17609311640262604
-0.14814747869968414
-0.09846857190132141
-0.07832566648721695
-0.09612595289945602
-0.03399808332324028
-0.003079276531934738
-0.1012430265545845
-0.08887668699026108
-0.08007504045963287
0.04323320835828781
-0.19545546174049377
-0.1806854009628296
-0.04558274894952774
0.057147543877363205
0.055072713643312454
-0.02088351733982563
0.13521428406238556
0.15488362312316895
-0.03827868774533272
-0.06807184219360352
0.09179174154996872
0.016370723024010658
0.21418721973896027
0.16974160075187683
0.5411104559898376
0.5205265879631042
0.707870602607727
0.4939813017845154
0.39643171429634094
0.20092032849788666
-0.07687409222126007
-0.00019023699860554188
0.09693562239408493
0.25856736302375793
0.2995797395706177
0.33899375796318054
0.49355098605155945
0.5670368075370789
0.6405274271965027
0.714110791683197
0.5763723850250244
0.363909512758255
-0.05052829161286354
-0.016483789309859276
-0.00531571451574564
0.22755929827690125
0.5144044756889343
0.5580700039863586
0.5825194120407104
0.34210991859436035
0.6383257508277893
0.6245205402374268
0.44323858618736267
-0.0030352596659213305
-0.007437003776431084
-0.00007858876779209822
0.2726581394672394
0.4656096398830414
0.4830036461353302
0.6611890196800232
0.11597152799367905
0.18686610460281372
0.5363580584526062
0.33068984746932983
0.2566574811935425
0.04906849190592766
0.08458859473466873
0.07220441848039627
0.16958747804164886
0.31699448823928833
0.47771158814430237
0.21605028212070465
-0.3515327274799347
-0.08057568967342377
0.33361706137657166
0.25278082489967346
-0.013931432738900185
-0.11213592439889908
-0.08575230091810226
-0.003177893813699484
0.054880302399396896
0.11600387096405029
0.0011715961154550314
-0.17509160935878754
-0.29300448298454285
0.155008926987648
0.29521286487579346
-0.027010787278413773
-0.02602442540228367
-0.0533590205013752
-0.04222588241100311
0.04199324548244476
-0.20776747167110443
-0.060595493763685226
-0.11960413306951523
-0.1501786708831787
0.08417712897062302
0.2584003210067749
-0.00680872006341815
-0.033601317554712296
-0.08435720205307007
-0.07655250281095505
-0.050336141139268875
-0.13555632531642914
-0.17229707539081573
-0.12127754092216492
-0.0853176936507225
0.12055746465921402
0.12077617645263672
0.30490842461586
0.07695004343986511
0.17203377187252045
0.15221361815929413
-0.006689735222607851
-0.05802486836910248
0.08285737782716751
-0.14413322508335114
-0.13990525901317596
-0.056580424308776855
0.26051250100135803
0.12511862814426422
0.3591308891773224
0.2825055420398712
0.18943259119987488
0.0052735088393092155
-0.06206033378839493
0.044108569622039795
-0.11294963955879211
-0.10891615599393845
-0.025417108088731766
-0.06748366355895996
0.1303800791501999
-0.030064480379223824
-0.006262631621211767
-0.06322488188743591
-0.008129304274916649
-0.07374795526266098
0.07940863072872162
0.03536948934197426
0.11315079778432846
0.001262294128537178
-0.027035504579544067
-0.1847856044769287
-0.11947939544916153
-0.37054309248924255
-0.22650814056396484
-0.2749899625778198
-0.08918146044015884
-0.03492363542318344
-0.028161099180579185
-0.040971025824546814
0.0712619200348854
-0.063693106174469
0.09103994816541672
0.039534784853458405
-0.2963465750217438
-0.44246962666511536
-0.5109571814537048
-0.38694313168525696
-0.1616041660308838
0.06871303915977478
0.22028177976608276
0.14458733797073364
0.10572758316993713
-0.043500471860170364
-0.05401766300201416
-0.2935310900211334
-0.5049288272857666
-0.7428663372993469
-0.9569026231765747
-0.8821741342544556
-0.4859454333782196
-0.12053609639406204
0.17098981142044067
0.22901979088783264
0.057734206318855286
-0.12870222330093384
-0.23540781438350677
-0.39190909266471863
-0.36477145552635193
-0.6113735437393188
-0.8135241270065308
-0.5316411852836609
-0.12769509851932526
0.06714897602796555
0.04235924035310745
-0.06736491620540619
0.03517930954694748
-0.16109110414981842
-0.007265974301844835
0.018791023641824722
0.2740173935890198
-0.41514045000076294
-0.5232241749763489
-0.26670897006988525
-0.2022099643945694
-0.1000080406665802
-0.05353805795311928
-0.13974086940288544
-0.11830699443817139
0.2807932496070862
0.4576309025287628
0.4175031781196594
0.40325015783309937
0.13634683191776276
-0.02764030545949936
-0.08071176707744598
0.2560344338417053
0.11016231030225754
0.07494299113750458
0.07721448689699173
-0.007895990274846554
0.21748600900173187
0.2667328715324402
0.4977891445159912
0.222863107919693
0.07015690952539444
0.2560509741306305
0.3352223038673401
0.4636048674583435
0.0414334312081337
-0.11922507733106613
0.022616401314735413
0.012845504097640514
0.04289038106799126
0.1299072653055191
0.23360444605350494
-0.016994571313261986
0.07523911446332932
0.3990647792816162
0.255196750164032
0.260314017534256
0.199704110622406
-0.14071595668792725
-0.09319236129522324
-0.14721331000328064
-0.1469428539276123
-0.22585874795913696
-0.24534475803375244
-0.12445998191833496
-0.16305099427700043
-0.22687096893787384
-0.1813593953847885
-0.09472913295030594
-0.1358654648065567
-0.0942637175321579
0.03337722644209862
-0.06203624978661537
-0.008654716424643993
-0.14794763922691345
-0.2969529628753662
-0.20067134499549866
-0.4952934682369232
-0.7041016817092896
-0.6054890751838684
-0.1870245635509491
-0.12921130657196045
0.029748987406492233
0.08737355470657349
-0.06177208572626114
-0.0473768450319767
-0.07707776129245758
0.06623580306768417
-0.08922507613897324
-0.384325236082077
-0.40411069989204407
-0.2649136483669281
-0.14791738986968994
0.002767832949757576
0.1267324835062027
0.08264879882335663
0.07868736237287521
0.003460656851530075
-0.0823546051979065
-0.11160765588283539
-0.36988091468811035
-0.18545997142791748
-0.2774620056152344
-0.07255586981773376
-0.06954547017812729
-0.06707540154457092
0.092656210064888
-0.08657506853342056
0.11946407705545425
-0.09370323270559311
-0.07897923141717911
-0.1607835590839386
-0.1652972251176834
-0.24822239577770233
0.005115166772156954
0.2509462237358093
0.11844305694103241
0.014588981866836548
0.06274166703224182
-0.04297306388616562
-0.013452744111418724
-0.018176019191741943
-0.07146205753087997
-0.12602931261062622
-0.042510662227869034
-0.15909050405025482
0.03197723999619484
0.10618491470813751
0.13391314446926117
-0.0726194903254509
0.015448608435690403
0.11855576932430267
0.020981140434741974
-0.06452153623104095
-0.031816571950912476
0.1519361436367035
0.00962519645690918
0.011049250140786171
-0.15576104819774628
-0.19795307517051697
-0.020748263224959373
-0.28284338116645813
-0.3473561704158783
0.2506236433982849
0.004976654425263405
-0.10902905464172363
-0.07253862917423248
0.195799320936203
0.4185805022716522
0.32882216572761536
-0.014152202755212784
-0.12441809475421906
-0.19342359900474548
-0.4919947385787964
-0.2835896909236908
0.23855721950531006
0.07717849314212799
-0.010057906620204449
0.139471173286438
0.3813844323158264
0.44910454750061035
0.46033695340156555
0.26371514797210693
0.02306785248219967
-0.024081943556666374
-0.35991859436035156
-0.5921708941459656
-0.22577910125255585
-0.046509403735399246
-0.029188105836510658
0.20945490896701813
0.331516832113266
0.508121907711029
0.4414089620113373
0.23435717821121216
0.0231661107391119
0.13877512514591217
0.16889505088329315
-0.24461369216442108
-0.18457064032554626
-0.05063538998365402
0.17902277410030365
0.07001600414514542
0.3132908344268799
0.21943309903144836
0.4922287166118622
0.21708832681179047
0.19798532128334045
0.2305677831172943
0.1844313144683838
0.12588974833488464
0.048322442919015884
0.08157936483621597
0.12031535804271698
0.45000797510147095
0.16155438125133514
0.08484921604394913
0.15135347843170166
0.14600160717964172
0.1213691383600235
0.13710957765579224
0.13028265535831451
0.06463823467493057
0.15010862052440643
-0.06131020933389664
-0.028689559549093246
0.4114314019680023
0.37150838971138
0.04792095348238945
0.10776568204164505
-0.09872613847255707
-0.06783085316419601
-0.04935772344470024
0.0015643180813640356
0.26565244793891907
0.1746784895658493
-0.0640006810426712
-0.057928815484046936
0.03500371426343918
0.03197377547621727
0.01200456265360117
-0.014963765628635883
-0.0668518990278244
-0.03835871443152428
-0.04690055921673775
-0.12558278441429138
0.02952425740659237
0.06795721501111984
-0.03673357516527176
-0.08988175541162491
0.05142620578408241
0.052067749202251434
0.06854840368032455
0.10500626266002655
0.10109284520149231
-0.229636549949646
-0.22346967458724976
-0.07021678984165192
-0.013878481462597847
0.05041082203388214
0.11593356728553772
0.08148038387298584
0.056991033256053925
-0.04953372851014137
0.11285292357206345
-0.08791195601224899
0.04532120004296303
-0.042493753135204315
-0.1345977634191513
0.059448957443237305
-0.006893156562000513
-0.04039575904607773
-0.07424774765968323
-0.08204268664121628
0.0790601447224617
0.07535070925951004
0.05602898448705673
-0.013801148161292076
0.018853649497032166
-0.02971985563635826
0.09719958156347275
0.018472325056791306
0.11527125537395477
-0.09489481151103973
0.07246547192335129
-0.12022548168897629
-0.12064376473426819
0.07123196125030518
0.1574752926826477
-0.12425535917282104
0.16061215102672577
0.11773062497377396
-0.04675285518169403
-0.024760430678725243
0.15418165922164917
-0.02727546915411949
-0.06594415754079819
-0.04814673215150833
0.24701286852359772
0.3097984194755554
0.31128665804862976
0.10009933263063431
-0.18052183091640472
-0.4035182297229767
-0.43570563197135925
-0.3018323481082916
-0.051127951592206955
0.17817199230194092
-0.006194630637764931
0.06004510447382927
0.4257929027080536
0.32183128595352173
0.2770138382911682
0.09200182557106018
-0.47543033957481384
-0.9796246290206909
-1.030104160308838
-0.8533121347427368
-0.39953377842903137
0.06396762281656265
-0.03715744614601135
-0.02258230373263359
0.2848852574825287
0.32831841707229614
0.10837666690349579
0.09073825925588608
-0.5010128617286682
-1.1217437982559204
-1.2463874816894531
-1.1633930206298828
-0.5088844299316406
0.038849472999572754
0.03021826595067978
0.09138472378253937
0.19205471873283386
0.22057288885116577
0.2330503612756729
-0.045714665204286575
-0.65195232629776
-0.9654239416122437
-0.9612674713134766
-0.7834261059761047
-0.4517734944820404
-0.15375129878520966
-0.017517264932394028
-0.1643332540988922
-0.18068477511405945
-0.254219651222229
-0.03612929582595825
-0.23964430391788483
-0.6883783340454102
-0.48497796058654785
-0.15327036380767822
-0.21515704691410065
-0.1286395788192749
-0.12997756898403168
0.1026843786239624
-0.35036972165107727
-0.4380173683166504
-0.5005740523338318
-0.593519389629364
-0.42494720220565796
-0.26847922801971436
-0.12901116907596588
0.06731830537319183
0.024426812306046486
-0.014514238573610783
0.06340767443180084
0.06365380436182022
-0.2380487024784088
-0.3388780951499939
-0.7096941471099854
-0.6211925745010376
-0.23163986206054688
-0.14436468482017517
0.07076197862625122
0.32910123467445374
0.22276310622692108
0.19254237413406372
0.13052360713481903
0.008374996483325958
-0.19013313949108124
-0.2769240140914917
-0.5305781364440918
-0.37230566143989563
-0.14190784096717834
-0.021394187584519386
0.15880246460437775
0.0838560089468956
0.26003220677375793
0.16594302654266357
-0.011004995554685593
-0.04191896691918373
-0.014205667190253735
-0.2299380600452423
-0.19603464007377625
-0.09185805171728134
-0.08038311451673508
0.053603395819664
0.12219134718179703
0.04268316552042961
0.069423608481884
0.1208038330078125
0.12893767654895782
-0.07448512315750122
-0.01970725692808628
-0.15884403884410858
-0.0704687312245369
0.003209614660590887
-0.10379763692617416
-0.045826781541109085
0.03119800239801407
-0.0897655338048935
-0.09597781300544739
-0.03613463044166565
-0.017780249938368797
-0.03585270047187805
0.08723434805870056
-0.08673003315925598
-0.006433755159378052
-0.15267403423786163
-0.179997980594635
0.1541641801595688
0.32805049419403076
0.24409207701683044
0.18607452511787415
0.10465572029352188
0.08661128580570221
-0.11874453723430634
-0.1548016220331192
-0.14089526236057281
-0.11180128902196884
-0.25705286860466003
-0.22076621651649475
-0.01701703667640686
0.4409887492656708
0.6011373400688171
0.383897989988327
0.3402760624885559
0.25231149792671204
-0.0306137315928936
-0.1882452368736267
-0.21919645369052887
-0.1942623108625412
-0.05546922981739044
-0.00014815451868344098
0.33707696199417114
0.6310190558433533
0.8104380965232849
0.7287190556526184
0.7840780019760132
0.5994564294815063
-0.19107390940189362
-0.14411750435829163
-0.215598464012146
-0.29958605766296387
-0.3400871157646179
-0.10335294157266617
0.17188802361488342
0.4697825014591217
0.4975768029689789
0.7989004254341125
1.2172354459762573
0.857965886592865
-0.13996414840221405
-0.1637309491634369
-0.08731794357299805
-0.2879503667354584
-0.232355996966362
0.15142613649368286
0.23622490465641022
0.14684031903743744
0.01768885739147663
0.18197359144687653
0.35791659355163574
0.4190655052661896
-0.017334923148155212
-0.1485847681760788
-0.06707840412855148
-0.01575443334877491
0.29804983735084534
0.3090763986110687
0.09315592795610428
-0.26699763536453247
-0.11188627034425735
-0.161267951130867
0.040137939155101776
0.07342693209648132
-0.01180043164640665
-0.15936455130577087
-0.22693561017513275
-0.04428987577557564
0.011918840929865837
0.017344754189252853
-0.20765800774097443
-0.21355119347572327
-0.2596438527107239
-0.296160489320755
-0.017661938443779945
0.02331324853003025
-0.0820220410823822
0.03561006113886833
-0.027557579800486565
0.03011840395629406
-0.1268414407968521
-0.12769277393817902
-0.055870939046144485
-0.1497725546360016
-0.38599833846092224
-0.22922657430171967
-0.19595257937908173
0.023851048201322556
0.07048339396715164
0.26975205540657043
0.4104572534561157
0.47555989027023315
0.5240263342857361
0.23564335703849792
0.18662893772125244
0.0019144609104841948
-0.1269441694021225
-0.1397230327129364
0.05254599079489708
0.05009777843952179
-0.005254772957414389
-0.0031612571328878403
0.3156735897064209
0.5061929225921631
0.5562905073165894
0.4784202575683594
0.20958104729652405
0.07625427097082138
-0.03705442324280739
0.16640764474868774
0.11946222186088562
0.04886353388428688
0.0432138592004776
-0.115952268242836
-0.03603512421250343
0.23778648674488068
0.5035204887390137
0.6502355933189392
0.46837615966796875
0.2203764021396637
0.10732907801866531
0.11405432969331741
-0.09456665813922882
0.0721273273229599
-0.02052009105682373
0.006152472924441099
-0.012837550602853298
0.13711236417293549
0.21586927771568298
0.35241180658340454
0.2867717444896698
0.17524293065071106
-0.025604408234357834
0.0863916203379631
-0.047313496470451355
0.10210221260786057
0.05027492344379425
0.07552694529294968
0.10652384161949158
0.1055416464805603
0.021521886810660362
0.1394759565591812
0.10871388018131256
0.004712845664471388
0.08724859356880188
0.2277272492647171
0.1778673529624939
-0.03080197423696518
-0.08934970945119858
-0.04494129493832588
-0.1461251825094223
-0.05472349748015404
-0.12127460539340973
-0.21948429942131042
-0.48170050978660583
-0.44371601939201355
-0.09451104700565338
0.1081073135137558
0.1431780457496643
0.07080921530723572
0.027677182108163834
0.08992637693881989
0.008018740452826023
-0.11825627088546753
-0.1851014345884323
-0.6027008295059204
-0.715777575969696
-0.8477906584739685
-0.7136887311935425
-0.40206509828567505
-0.3974502384662628
-0.042870357632637024
-0.10518268495798111
-0.04593624174594879
0.012932188808918
-0.118392214179039
-0.26062875986099243
-0.4176182448863983
-0.6769428849220276
-0.9240573644638062
-0.8125939965248108
-0.4970112144947052
-0.3401944637298584
-0.10841935873031616
0.09951387345790863
-0.10907876491546631
-0.025350792333483696
0.14267221093177795
-0.022651400417089462
-0.11867647618055344
-0.43222567439079285
-0.4790531098842621
-0.39746126532554626
-0.14380788803100586
0.1616186946630478
0.23042286932468414
-0.02252689190208912
-0.029338398948311806
0.07704006880521774
0.0647720918059349
0.044872067868709564
-0.06580585986375809
-0.15304943919181824
-0.08548052608966827
-0.1546013355255127
0.19428221881389618
0.4711945056915283
0.3079838752746582
-0.0381888747215271
-0.12643224000930786
0.08425894379615784
0.2735832929611206
0.2322831004858017
0.2590630054473877
0.013288488611578941
0.14993993937969208
0.2047707438468933
0.26246288418769836
0.24394439160823822
0.3132597506046295
-0.029537130147218704
-0.024875923991203308
0.11262289434671402
0.3539239764213562
0.44266870617866516
0.38789108395576477
0.25972554087638855
0.3571174144744873
0.3364553153514862
0.08620640635490417
0.0052411374635994434
0.006928266026079655
-0.024298574775457382
-0.13981826603412628
-0.0412469208240509
0.4334655702114105
0.5946992039680481
0.6871225237846375
0.32527709007263184
0.22186078131198883
0.24902743101119995
-0.03308426961302757
-0.09932950884103775
-0.16758213937282562
-0.060069840401411057
-0.07997633516788483
-0.14480099081993103
0.17440088093280792
0.2028781622648239
0.42091864347457886
0.3490280508995056
-0.0038425202947109938
-0.18482504785060883
-0.13234315812587738
-0.18598774075508118
0.007505503483116627
-0.0938815250992775
-0.010343135334551334
-0.08151344209909439
-0.12612096965312958
-0.10099691897630692
-0.20913183689117432
-0.1500045657157898
-0.0771341323852539
-0.0826919674873352
-0.13819484412670135
-0.13686120510101318
-0.13343478739261627
-0.004899028688669205
0.014800794422626495
-0.027323737740516663
0.02179490216076374
-0.011092268861830235
-0.11069969832897186
-0.0663444921374321
-0.1050080731511116
0.044015802443027496
-0.06764888763427734
-0.027650529518723488
0.04565276578068733
-0.029950281605124474
0.09965428709983826
0.08088339865207672
0.09766681492328644
0.1239769458770752
0.11104422807693481
0.2611803412437439
0.2612934410572052
0.19923488795757294
0.0906616598367691
0.05162736773490906
0.07913237065076828
0.05883629620075226
0.07455004006624222
0.058734212070703506
0.1801278293132782
0.1809486597776413
0.231964573264122
0.18100087344646454
0.30706480145454407
0.1467587649822235
0.07333865761756897
0.1428249627351761
-0.0168122760951519
-0.020902281627058983
-0.042581867426633835
0.14778874814510345
0.14031776785850525
0.09435475617647171
0.18452857434749603
0.09361834079027176
-0.10438613593578339
-0.06634939461946487
-0.23202231526374817
-0.1600785255432129
-0.1024899035692215
0.0020130593329668045
0.007947026751935482
0.012527291662991047
0.30165547132492065
0.09731010347604752
0.2485651671886444
0.03977905213832855
-0.4181691110134125
-0.6722295880317688
-0.589296817779541
-0.308492511510849
-0.06977400183677673
-0.06764494627714157
-0.036026481539011
0.18253348767757416
0.21075807511806488
0.1332998275756836
0.3357362449169159
-0.02938130311667919
-0.568671703338623
-0.6400772333145142
-0.48563334345817566
-0.08311460167169571
-0.1417558193206787
-0.08841819316148758
0.04895581305027008
0.3753686845302582
0.3346264362335205
0.4990938901901245
0.2855249345302582
-0.18918021023273468
-0.30112192034721375
-0.6255151033401489
-0.06178179010748863
0.16044273972511292
0.10982034355401993
-0.02348601073026657
0.22817301750183105
0.3311058282852173
0.5530452728271484
0.6809365153312683
0.29276835918426514
-0.06732751429080963
-0.23407931625843048
-0.0720687136054039
0.28405487537384033
0.45111629366874695
0.025650471448898315
-0.13660018146038055
0.09588102251291275
0.4494495689868927
0.5369880795478821
0.910607099533081
0.38207101821899414
0.3619672358036041
0.011935064569115639
0.07426506280899048
0.215375617146492
0.23470273613929749
0.002342951949685812
-0.1394966095685959
-0.068304643034935
0.24831482768058777
0.5788798332214355
0.7992304563522339
0.46127572655677795
0.31700757145881653
0.08980759233236313
0.062085915356874466
0.05066705495119095
0.11046308279037476
0.025697335600852966
0.07595141232013702
-0.13425956666469574
-0.06443957984447479
0.11543440818786621
0.2716377079486847
0.036750677973032
-0.0739077627658844
-0.08908668160438538
0.04688761755824089
-0.057962946593761444
0.01091484259814024
-0.09919264912605286
-0.10934630036354065
-0.1866607815027237
-0.15365146100521088
-0.12547247111797333
-0.21346360445022583
-0.164388507604599
-0.2302529364824295
-0.3705866038799286
-0.042267873883247375
0.043212734162807465
-0.021568140015006065
-0.053083326667547226
0.06290049105882645
-0.08023077249526978
0.01156662218272686
-0.16916504502296448
-0.1853414922952652
-0.17422258853912354
-0.19300153851509094
-0.022844847291707993
-0.12263987213373184
-0.07195233553647995
0.017268748953938484
0.09303293377161026
0.012373941019177437
-0.04437343031167984
-0.024125264957547188
-0.009018023498356342
0.10187160968780518
0.1574428379535675
0.1138276606798172
0.1291869729757309
0.4045100510120392
0.2647240459918976
0.19499659538269043
0.14900091290473938
-0.0019334289245307446
0.04617327079176903
0.04631339758634567
-0.10784068703651428
-0.3762378990650177
-0.3307088017463684
-0.07972317188978195
-0.002624942222610116
0.14974579215049744
0.20963989198207855
0.20841726660728455
0.1632174402475357
-0.00813533179461956
-0.1803729385137558
-0.2328885942697525
-0.36884480714797974
-0.3262520134449005
-0.3827211856842041
-0.08059421926736832
-0.11937705427408218
-0.07747986167669296
-0.11835326999425888
-0.2703697383403778
-0.09859190881252289
0.03726993128657341
-0.04104653000831604
-0.10089125484228134
-0.10910099744796753
-0.29418542981147766
-0.3046019375324249
-0.17572689056396484
-0.3071483373641968
-0.1819877028465271
-0.10390438139438629
-0.12591861188411713
-0.17726533114910126
-0.0007988399011082947
-0.12129288911819458
0.0026353367138653994
-0.12213750183582306
-0.20302852988243103
-0.10352129489183426
-0.12542465329170227
-0.0028392367530614138
0.22943276166915894
0.06921706348657608
0.06345337629318237
-0.1344473958015442
0.03604455292224884
0.005109250545501709
-0.09814290702342987
0.01889367401599884
-0.006519435904920101
-0.062139611691236496
0.24096493422985077
0.43245548009872437
0.26533469557762146
0.04055356606841087
0.26175323128700256
0.07361377775669098
-0.10348077863454819
-0.06279391795396805
-0.030745355412364006
-0.08778277039527893
0.048149172216653824
0.012650870718061924
0.2747148871421814
0.251815527677536
0.22941336035728455
0.1586221605539322
-0.15179093182086945
-0.07643680274486542
-0.1472107172012329
-0.039179615676403046
-0.10293002426624298
-0.05266899615526199
-0.04980595037341118
0.12007372081279755
-0.023350531235337257
0.1434173882007599
0.13330858945846558
0.06032354384660721
-0.14694814383983612
-0.05904650688171387
-0.07256902009248734
-0.22711536288261414
-0.25644898414611816
-0.3312416672706604
-0.10366569459438324
0.18853220343589783
0.4655302166938782
0.28196582198143005
0.17932634055614471
0.18335580825805664
-0.018486974760890007
0.0181179977953434
0.03345124423503876
-0.24577151238918304
-0.2698952853679657
-0.4399262070655823
-0.180434450507164
0.3754432499408722
0.6066402196884155
0.3863462507724762
0.2075365036725998
0.07208452373743057
-0.05347404628992081
-0.01440049521625042
-0.06540091335773468
-0.15702086687088013
-0.18454447388648987
-0.340244859457016
-0.6074040532112122
-0.2996915578842163
0.010356512852013111
0.09538731724023819
0.08972647786140442
0.019111650064587593
-0.08366728574037552
-0.04638130962848663
0.07620387524366379
0.00374889699742198
0.08605687320232391
-0.03707960620522499
-0.14012248814105988
0.02586301416158676
-0.11532256752252579
0.08050470799207687
-0.0038043290842324495
0.0547972209751606
0.06917931139469147
0.010535839945077896
-0.06873232126235962
-0.08771898597478867
-0.1020926758646965
0.03671598061919212
-0.023195987567305565
-0.07735956460237503
0.010182720609009266
-0.021832270547747612
-0.013100153766572475
0.03006625361740589
0.06574705243110657
-0.10042883455753326
-0.03314764052629471
0.028302814811468124
0.08410341292619705
0.01424863375723362
0.11447832733392715
0.13512763381004333
-0.10946350544691086
-0.24122470617294312
-0.24310046434402466
-0.258489727973938
-0.11987133324146271
0.08671034127473831
0.033173441886901855
0.10287714004516602
0.20259664952754974
0.4121444821357727
0.509316086769104
0.5141245722770691
0.1825302541255951
0.2006976455450058
0.14945213496685028
0.02433616854250431
0.002232510130852461
-0.00923182349652052
-0.030548103153705597
0.3155459761619568
0.5548502206802368
0.652131974697113
0.5918342471122742
0.34648191928863525
0.302542507648468
0.46531423926353455
0.359363853931427
0.3399622440338135
0.08100128173828125
0.04331893101334572
0.02699209377169609
0.21522030234336853
0.38012567162513733
0.31738099455833435
0.01448916643857956
-0.2967608571052551
-0.11696231365203857
0.2122071236371994
0.14332786202430725
0.14087526500225067
0.1273282915353775
-0.07386473566293716
0.10084354877471924
0.13691003620624542
-0.06971225887537003
-0.39983341097831726
-0.6509761810302734
-1.088371753692627
-0.6892958879470825
0.020621754229068756
0.3326772451400757
0.18561363220214844
0.20986922085285187
0.06483452022075653
-0.06596556305885315
-0.18194742500782013
-0.33811312913894653
-0.632494330406189
-0.518109917640686
-0.8360722661018372
-0.4309501349925995
0.06348711252212524
0.21561799943447113
0.22646188735961914
0.10139025747776031
-0.16272246837615967
-0.05015787109732628
-0.13125988841056824
-0.3721509873867035
-0.47513169050216675
-0.49632012844085693
-0.4263089895248413
-0.0883307009935379
-0.1497458517551422
-0.16268062591552734
-0.13730072975158691
-0.23278851807117462
-0.012373216450214386
-0.09772234410047531
-0.11040699481964111
-0.24155505001544952
-0.4647277891635895
-0.582485556602478
-0.39037105441093445
-0.237849161028862
-0.4219757914543152
-0.3533851206302643
-0.2881288528442383
-0.34130918979644775
-0.14151260256767273
0.02220805361866951
-0.05252588167786598
-0.09672252833843231
-0.4475516378879547
-0.43800652027130127
-0.34619060158729553
-0.0908142700791359
-0.24790871143341064
-0.15246142446994781
-0.32761985063552856
-0.305691659450531
-0.10536061227321625
0.05274868756532669
0.09470426291227341
0.04200069606304169
-0.1436145007610321
-0.14218614995479584
0.09396230429410934
0.07674495130777359
0.2993333339691162
0.15746840834617615
-0.1450076699256897
-0.11889738589525223
-0.03325127065181732
-0.07181153446435928
-0.027672680094838142
-0.05944877862930298
0.028579402714967728
0.307847797870636
0.43796512484550476
0.41123396158218384
0.42530161142349243
0.1526271253824234
-0.07321581989526749
-0.032482393085956573
-0.059144262224435806
0.06656826287508011
0.07018531858921051
-0.06937745958566666
0.04133174195885658
-0.08008888363838196
-0.022502189502120018
-0.08523249626159668
-0.05719861015677452
-0.12220857292413712
0.08242392539978027
-0.05359392613172531
0.10315970331430435
-0.03961914777755737
0.026711322367191315
0.08547955751419067
-0.042230818420648575
-0.022528987377882004
-0.10483870655298233
-0.05866516754031181
-0.05806517228484154
-0.10646367073059082
0.05061270296573639
-0.05463344603776932
-0.07086606323719025
-0.00929921492934227
0.060254987329244614
0.04002288728952408
-0.18901462852954865
-0.19481438398361206
-0.2459157556295395
-0.18054521083831787
-0.13971871137619019
-0.0708111822605133
-0.15602385997772217
0.018721504136919975
-0.10060904175043106
-0.03685929998755455
-0.15636949241161346
-0.127833753824234
-0.2329721599817276
-0.009369194507598877
-0.2188485860824585
-0.18810932338237762
0.3746473789215088
0.2931446135044098
0.23280920088291168
0.08914873749017715
-0.03299751505255699
0.15668506920337677
-0.01652904413640499
-0.25764504075050354
-0.29318156838417053
-0.3740069270133972
-0.34005406498908997
0.03498387336730957
0.3193737864494324
0.4169209897518158
0.25898587703704834
0.06903287768363953
0.045316182076931
0.14242766797542572
0.011116696521639824
-0.36051610112190247
-0.13867135345935822
-0.3043607473373413
-0.3745831847190857
0.21340563893318176
0.27859562635421753
0.2656744718551636
0.08183620125055313
0.004407807718962431
0.06712020933628082
0.10905648022890091
-0.05996733531355858
-0.07710479199886322
-0.01798170804977417
-0.29568442702293396
-0.20743294060230255
0.37892693281173706
0.26060834527015686
0.23297810554504395
0.06530673801898956
0.04569951444864273
-0.07649244368076324
-0.044832199811935425
-0.05997674912214279
0.10270102322101593
0.07326506078243256
-0.00886469054967165
0.05069473013281822
0.2486068159341812
0.29196158051490784
0.25853195786476135
0.25476858019828796
-0.06620572507381439
0.08767566829919815
0.05918913707137108
-0.12153341621160507
-0.1773322969675064
-0.014189396053552628
-0.0641898363828659
0.22094044089317322
0.061687834560871124
0.11867377907037735
0.023673882707953453
-0.07454897463321686
-0.0056020477786660194
-0.1117861270904541
0.08602931350469589
-0.10553649812936783
-0.10230384021997452
-0.07880952209234238
0.07305817306041718
0.2567382752895355
0.14950233697891235
0.1069519892334938
0.11587261408567429
-0.16078905761241913
-0.03009655699133873
0.09959817677736282
-0.0746569111943245
0.1447019875049591
0.1198117807507515
0.173259437084198
0.2911801338195801
0.2881535589694977
0.45342427492141724
0.29753220081329346
0.03550887107849121
-0.055329494178295135
0.04078203812241554
-0.0968560129404068
0.10261721163988113
0.1496562957763672
0.36195868253707886
0.4755358099937439
0.44284942746162415
0.5760480761528015
0.5967289805412292
0.4796110987663269
0.08762990683317184
-0.08822338283061981
0.08099902421236038
0.0144281517714262
-0.039729390293359756
0.033202897757291794
-0.013839433901011944
-0.03632359206676483
-0.02530961111187935
0.034542325884103775
-0.1697005331516266
0.0186680369079113
-0.04394744709134102
-0.06402718275785446
0.027479954063892365
0.016050364822149277
-0.09165188670158386
0.02575850673019886
-0.03344300389289856
0.005922975949943066
0.08506621420383453
-0.18707114458084106
-0.14935995638370514
-0.2982591390609741
-0.3144025206565857
-0.19093802571296692
-0.014427026733756065
0.038166411221027374
-0.08942786604166031
0.07052487879991531
0.21971750259399414
0.4869695007801056
0.5427447557449341
0.36630353331565857
0.1763971745967865
0.2604255974292755
0.3946670591831207
0.05272993817925453
-0.05971410125494003
-0.10493249446153641
0.16125185787677765
0.17238160967826843
0.07804516702890396
0.2542920708656311
0.4053923487663269
0.32100918889045715
0.3833387792110443
0.4204975664615631
0.5234682559967041
0.23846639692783356
0.0694938376545906
-0.060644570738077164
0.20057594776153564
0.1659182608127594
0.012682437896728516
0.2302834689617157
0.12102391570806503
-0.03808540105819702
0.024469850584864616
0.14995673298835754
0.2964610159397125
0.1412539929151535
0.10213906317949295
0.04474993795156479
0.16547657549381256
0.2438209056854248
0.20926721394062042
0.37597352266311646
-0.3158009350299835
-0.9074867963790894
-0.6212244033813477
-0.17395518720149994
0.07108863443136215
-0.10684079676866531
0.0381215363740921
0.09359756857156754
0.034558963030576706
0.04567219316959381
0.11777300387620926
0.1518459916114807
-0.36522284150123596
-0.5466591715812683
-0.16995130479335785
0.2872227430343628
0.44559988379478455
0.3643164336681366
0.17009739577770233
0.06915245950222015
0.06453593820333481
0.051445748656988144
-0.057475388050079346
0.002401492791250348
-0.4107702970504761
-0.39889758825302124
0.14434675872325897
0.2845209538936615
0.4121365249156952
0.033885762095451355
-0.05160662531852722
-0.12489955872297287
-0.10595929622650146
-0.08245888352394104
-0.2440357357263565
-0.21789883077144623
-0.41788575053215027
-0.3062535524368286
-0.20755474269390106
-0.1865704506635666
-0.11394698172807693
-0.18566428124904633
-0.14878280460834503
-0.131250262260437
0.011286787688732147
-0.005354298744350672
-0.2009611278772354
-0.17131160199642181
-0.17667880654335022
-0.3878370225429535
-0.6995145678520203
-0.338055819272995
-0.38749557733535767
-0.2355198711156845
-0.1500137448310852
0.0074295662343502045
-0.028840040788054466
0.09834988415241241
0.3311186134815216
0.21482622623443604
-0.22689460217952728
-0.5126059651374817
-0.49628666043281555
-0.5008364915847778
-0.4204082787036896
-0.26670652627944946
0.003284353530034423
-0.0615803487598896
-0.0729282796382904
0.2603537440299988
0.3076455295085907
0.2926684617996216
0.0945933386683464
0.07584363967180252
-0.12360736727714539
-0.16523121297359467
0.005657673813402653
-0.020747676491737366
0.044588711112737656
0.10434400290250778
0.05911288782954216
0.0199576523154974
0.029378898441791534
0.0606202594935894
0.007475323975086212
0.11663846671581268
0.10072607547044754
-0.05104535445570946
-0.08271223306655884
-0.07887335121631622
-0.12241493910551071
0.013418957591056824
-0.13001956045627594
-0.01638755388557911
0.021952267736196518
-0.09828022122383118
-0.24477235972881317
-0.20822851359844208
-0.18493178486824036
-0.0386558398604393
0.010918214917182922
0.0990753099322319
0.06754601001739502
-0.051263824105262756
0.08280334621667862
-0.0073457639664411545
-0.11909651756286621
-0.25794166326522827
-0.21200019121170044
-0.1883053332567215
-0.12469297647476196
0.12363086640834808
0.325134813785553
0.16704480350017548
0.07872413843870163
0.2113475501537323
-0.03171209245920181
-0.03973947465419769
-0.06647685170173645
0.2143150269985199
0.2252175509929657
0.3561146855354309
0.09916073828935623
0.04509570077061653
0.2387641966342926
0.07654064893722534
0.012692367658019066
0.1293950378894806
-0.030992910265922546
-0.022025177255272865
0.3484306335449219
0.5053331255912781
0.6966317892074585
0.6732456684112549
0.5866007208824158
0.021109506487846375
-0.18322248756885529
-0.21511594951152802
-0.07228853553533554
0.24544674158096313
-0.09564274549484253
0.05623692274093628
0.1779915988445282
0.4172709882259369
0.8229987025260925
0.5120097398757935
0.4296385645866394
-0.0953395888209343
-0.39952966570854187
-0.5009536743164062
-0.2539637088775635
0.012193383648991585
-0.004141657147556543
-0.08141954243183136
-0.15521636605262756
-0.12022373080253601
0.15501904487609863
0.2541201114654541
0.27023234963417053
-0.009670635685324669
-0.17916865646839142
-0.17368482053279877
-0.20274437963962555
-0.02927487902343273
0.04249793291091919
-0.05270444229245186
-0.3644886910915375
-0.4823130667209625
-0.08679693937301636
0.13020221889019012
0.17658181488513947
0.497096449136734
0.17131821811199188
0.013157692737877369
-0.10117556154727936
-0.07470913231372833
0.002605743706226349
-0.05710702762007713
-0.0695006474852562
-0.12795524299144745
-0.002851409139111638
0.108763687312603
0.40154096484184265
0.5582442879676819
0.34511885046958923
0.2409602254629135
0.052913155406713486
0.021706845611333847
-0.062230464071035385
-0.18328264355659485
0.2382991462945938
0.4878619909286499
0.4840787351131439
0.4367954730987549
0.2795321047306061
0.03343473747372627
-0.13489247858524323
0.0008669186499901116
0.15948006510734558
0.05302882194519043
0.0847415030002594
-0.014684868045151234
0.01281835325062275
0.5482193827629089
0.3357827067375183
0.006449312437325716
-0.029314517974853516
-0.29667356610298157
-0.16430899500846863
0.039201460778713226
0.05760522931814194
-0.05532862991094589
-0.05112959071993828
-0.11790323257446289
0.08373432606458664
-0.10648414492607117
-0.16093036532402039
-0.07563433796167374
-0.1783125400543213
-0.06435488909482956
-0.1120569258928299
-0.12316738814115524
-0.13301759958267212
0.037370000034570694
-0.1069445088505745
0.08059566468000412
-0.048336781561374664
0.04139106348156929
-0.10635408759117126
0.06433597207069397
-0.0344148725271225
-0.035363566130399704
-0.1258266568183899
-0.07532819360494614
-0.023957740515470505
0.08599396795034409
-0.03604825586080551
-0.14479376375675201
-0.03959192708134651
-0.12972460687160492
-0.07674269378185272
-0.09654907137155533
-0.32073989510536194
-0.3385249972343445
-0.29405662417411804
0.005020737648010254
-0.08094903826713562
0.07264956086874008
0.021450195461511612
-0.016481751576066017
0.11961019039154053
0.0800209566950798
-0.1825953871011734
-0.20859107375144958
-0.2778983414173126
-0.2759997844696045
-0.15032804012298584
-0.18877194821834564
-0.13087305426597595
0.11923425644636154
0.019356226548552513
0.17815153300762177
0.3194044530391693
0.13652606308460236
0.002519632689654827
0.07398081570863724
-0.11426711827516556
0.023588508367538452
-0.010777931660413742
-0.05070893093943596
0.22690892219543457
0.024363262578845024
-0.02299323119223118
0.11182596534490585
0.357616662979126
0.2704385221004486
0.0033970612566918135
0.1454731673002243
-0.02701720781624317
-0.0662696361541748
0.22826150059700012
0.18037879467010498
0.3585518002510071
-0.032465603202581406
-0.1056232899427414
0.05901304632425308
0.09368950128555298
-0.002442307770252228
-0.20722316205501556
0.10498317331075668
0.027751242741942406
-0.19360758364200592
0.10388533771038055
0.004637497011572123
0.06287378817796707
-0.10649320483207703
-0.11093603074550629
-0.12041875720024109
-0.19934281706809998
-0.07942699640989304
-0.14821089804172516
0.17574623227119446
-0.15087474882602692
-0.3937336504459381
-0.21637749671936035
-0.33695003390312195
-0.24542365968227386
-0.10115747898817062
-0.12539733946323395
-0.060578104108572006
0.156663715839386
0.22310416400432587
0.41583627462387085
0.5522574186325073
-0.13560205698013306
-0.238421231508255
-0.535789966583252
-0.39157646894454956
-0.13478593528270721
-0.0005279193865135312
0.02436697483062744
0.0636463537812233
0.45356979966163635
0.5847653746604919
0.4918689727783203
0.5064959526062012
-0.06732053309679031
-0.1350230574607849
-0.010264352895319462
0.006616438273340464
0.191966250538826
-0.02784818783402443
0.03961817920207977
0.09388451278209686
0.6765161752700806
0.48843955993652344
0.41075369715690613
0.36766695976257324
0.1647653579711914
0.10473775863647461
0.26166343688964844
0.2571077048778534
0.14210951328277588
0.07044551521539688
-0.06111634522676468
0.03555756062269211
0.19000370800495148
-0.10838733613491058
-0.049955107271671295
0.029312368482351303
-0.13417811691761017
-0.04795176908373833
0.1258913278579712
0.11163586378097534
-0.07699767500162125
-0.06028372049331665
-0.049818992614746094
-0.11565982550382614
-0.2439541071653366
-0.17856770753860474
-0.2531141936779022
-0.1337869018316269
-0.1775592863559723
-0.06828030198812485
-0.13989828526973724
-0.12012255936861038
-0.10897088050842285
0.07668392360210419
0.016118330880999565
-0.08005841821432114
-0.11824411898851395
-0.049549732357263565
0.005304013844579458
0.054479651153087616
0.014700235798954964
0.024110551923513412
0.0456228107213974
-0.0026917343493551016
-0.022713853046298027
-0.14130482077598572
0.022888613864779472
-0.048942722380161285
-0.1560674011707306
0.11370216310024261
0.18403251469135284
0.2836696207523346
0.2974567413330078
0.3029494881629944
0.08351966738700867
0.12390501797199249
-0.11739857494831085
-0.15217211842536926
-0.06430834531784058
0.02495114505290985
0.023428620770573616
-0.04695671796798706
0.11441132426261902
0.28343668580055237
0.19285976886749268
0.16753177344799042
0.04740079492330551
-0.12326563149690628
0.02545267902314663
0.04885628819465637
-0.051580727100372314
0.06894967705011368
0.23914138972759247
0.11257566511631012
0.022614087909460068
0.07003311812877655
0.037441980093717575
0.13833220303058624
0.24730004370212555
0.21114909648895264
0.19890698790550232
-0.02130468375980854
-0.042299628257751465
0.07067421823740005
0.16873003542423248
-0.07811170071363449
-0.20147763192653656
-0.18863576650619507
0.04636218771338463
0.42584463953971863
0.3406132757663727
0.3875144422054291
0.24000798165798187
0.07199908792972565
0.016952231526374817
-0.10440195351839066
-0.2319849133491516
-0.513382613658905
-0.28003042936325073
-0.285534143447876
0.31216636300086975
0.3608223497867584
0.6235768795013428
0.49643585085868835
0.15216456353664398
-0.13068903982639313
0.05936357006430626
-0.17873287200927734
0.047465261071920395
0.06466203182935715
-0.26606273651123047
0.0384334996342659
0.09351979196071625
0.06765693426132202
0.08342453837394714
-0.0616951659321785
-0.13616211712360382
-0.021220406517386436
-0.05414242669939995
-0.12306620925664902
0.4040065407752991
0.377055823802948
0.2947103977203369
0.0286115612834692
0.051118403673172
-0.3315189480781555
-0.21318002045154572
-0.17625197768211365
0.02080492675304413
-0.07418793439865112
-0.0012056570267304778
0.07108175754547119
0.19834062457084656
-0.008626309223473072
-0.18769976496696472
-0.3781734108924866
-0.33111119270324707
-0.30331161618232727
-0.29730528593063354
-0.15498627722263336
-0.0806678980588913
-0.06173427775502205
-0.0949149951338768
-0.025064926594495773
-0.048975493758916855
-0.2690541446208954
-0.40759778022766113
0.12691925466060638
0.13546708226203918
-0.2783210277557373
-0.24768073856830597
-0.04016818851232529
0.0023072143085300922
-0.034704677760601044
-0.13513199985027313
-0.2922719120979309
-0.3463574945926666
-0.43286266922950745
-0.06084579974412918
0.43330204486846924
0.5810694098472595
0.36575552821159363
0.12609167397022247
0.04704941809177399
0.017844704911112785
0.0763307437300682
0.008461031131446362
-0.14391528069972992
-0.12395352870225906
-0.38228946924209595
-0.2787022292613983
-0.08419094234704971
0.15310053527355194
0.05424158647656441
0.08024740219116211
-0.010474982671439648
-0.09860415756702423
-0.004479007795453072
0.04885577782988548
-0.026402883231639862
-0.04598785564303398
0.032288115471601486
0.028778240084648132
0.0626191645860672
-0.14288745820522308
-0.13095515966415405
-0.11345268785953522
-0.022994784638285637
-0.13602258265018463
-0.04529624804854393
-0.09685888141393661
-0.08645162731409073
-0.11114519089460373
-0.10500088334083557
0.049183331429958344
0.04046374559402466
0.04109570384025574
-0.02392127364873886
-0.02646637335419655
-0.1617528349161148
-0.2871941924095154
-0.06777827441692352
-0.057800427079200745
-0.08041509240865707
-0.1700233519077301
-0.37124696373939514
-0.5762649178504944
-0.25532758235931396
0.1939246505498886
0.5119624733924866
0.26127535104751587
0.20024825632572174
0.11437547951936722
-0.1667695939540863
0.04499367997050285
-0.21514619886875153
-0.4270895719528198
-0.6487836241722107
-0.5558199286460876
-0.2597258388996124
0.06731099635362625
0.22567474842071533
0.19214364886283875
0.32055431604385376
0.23416899144649506
-0.10057870298624039
-0.10659143328666687
-0.08918002247810364
-0.0012061781017109752
0.04608818516135216
0.17437788844108582
0.14154012501239777
0.17720410227775574
0.203734889626503
0.2700168192386627
0.36693233251571655
0.33190882205963135
-0.010029260069131851
-0.05689012631773949
0.011940648779273033
0.29154613614082336
0.41431206464767456
0.43866968154907227
0.35553187131881714
0.06575709581375122
0.23927676677703857
0.19239920377731323
0.29710277915000916
0.16524392366409302
-0.033276136964559555
-0.038008470088243484
0.17874442040920258
0.42723363637924194
0.6751765012741089
0.6586978435516357
0.03273468837141991
-0.6105332970619202
0.08273071050643921
-0.12784451246261597
-0.2859064042568207
-0.1684849113225937
-0.11356174945831299
-0.049249932169914246
0.014180234633386135
0.15055158734321594
0.4545394480228424
0.5445407032966614
-0.18060807883739471
-0.6898861527442932
-0.18058688938617706
-0.30670368671417236
-0.17725734412670135
-0.14306476712226868
-0.10143514722585678
-0.0913136899471283
-0.16801327466964722
-0.0015549054369330406
0.05652030557394028
-0.16909682750701904
-0.6003409624099731
-0.5894691348075867
-0.1990937739610672
-0.12702123820781708
0.013855215162038803
-0.01878064125776291
-0.025828726589679718
-0.11525233089923859
-0.01949014887213707
-0.09621506184339523
-0.14694952964782715
-0.24032752215862274
-0.4118606746196747
-0.25096258521080017
-0.28889402747154236
-0.20152108371257782
-0.03508720546960831
0.10692746937274933
-0.039035506546497345
-0.0459553524851799
0.04509167745709419
-0.1735907793045044
-0.20730102062225342
-0.26221516728401184
-0.12122861295938492
-0.10277575999498367
0.0874357745051384
0.174324169754982
0.2282302975654602
0.23059266805648804
0.010168496519327164
0.006052856799215078
-0.08847339451313019
0.07549620419740677
-0.04056606441736221
-0.013404134660959244
0.22993582487106323
0.41175973415374756
0.3337573707103729
0.3848142921924591
0.3169519901275635
0.1023479551076889
0.05963180586695671
-0.06969832628965378
-0.1185489147901535
0.09851344674825668
-0.012375886552035809
-0.0043332576751708984
-0.11184734106063843
-0.09078157693147659
-0.11500684916973114
-0.10046133399009705
0.020236928015947342
-0.08497750014066696
-0.10208988189697266
0.024763677269220352
-0.048143163323402405
0.006233145482838154
-0.04099048674106598
-0.06148642301559448
-0.21358466148376465
-0.39514580368995667
-0.33185747265815735
-0.24372641742229462
-0.04600062966346741
-0.13514873385429382
0.09809963405132294
-0.06962527334690094
-0.09098327159881592
-0.08610158413648605
-0.052497364580631256
-0.17088864743709564
-0.5167713761329651
-0.5010620951652527
-0.5928996801376343
-0.419040322303772
-0.3479321002960205
-0.08547152578830719
-0.12481042742729187
-0.08141737431287766
-0.15851734578609467
0.17151759564876556
0.11223107576370239
-0.08582692593336105
-0.1365152895450592
-0.08470930904150009
-0.29918187856674194
-0.3270719051361084
-0.2932547628879547
-0.26133930683135986
-0.09863212704658508
0.07886579632759094
0.15483900904655457
0.24343593418598175
0.2692645490169525
0.4240078926086426
0.23065277934074402
0.27860862016677856
-0.09878531098365784
-0.09035823494195938
0.005479997023940086
0.10582422465085983
0.005436661187559366
0.04115748405456543
0.4073469936847687
0.4408012926578522
0.2241893708705902
0.4341767132282257
-0.0771586149930954
0.2483997941017151
0.29113438725471497
0.26467055082321167
0.48023438453674316
0.0021918576676398516
0.08792392164468765
-0.015232534147799015
0.22360199689865112
0.0782792717218399
-0.0022311380598694086
-0.27321910858154297
-0.48239263892173767
0.19174450635910034
0.3657854199409485
0.34050342440605164
0.24964092671871185
0.014209479093551636
0.05435805395245552
0.09777431935071945
0.08887011557817459
-0.12776869535446167
-0.41933053731918335
-0.6751707792282104
-0.6191462278366089
0.08460815250873566
0.21340346336364746
0.19651095569133759
-0.051343366503715515
-0.08030901849269867
0.07718143612146378
0.0337870791554451
-0.11975552886724472
-0.22252021729946136
-0.3738138973712921
-0.7040418982505798
-0.47479698061943054
0.007510524708777666
0.08791862428188324
0.10195434093475342
0.001982832793146372
-0.14981335401535034
-0.012003358453512192
0.004412538837641478
-0.02547040954232216
-0.17787393927574158
-0.33525601029396057
-0.3866140842437744
-0.18313275277614594
-0.013367250561714172
0.031429141759872437
0.011524247005581856
0.006990347523242235
-0.04453751817345619
-0.11900027096271515
-0.007418449502438307
-0.04685267433524132
-0.09183330833911896
0.014764642342925072
0.01626628078520298
0.10089913755655289
0.1182127296924591
0.07136717438697815
0.08732268214225769
0.19961196184158325
0.005380239803344011
-0.006506992504000664
-0.031509701162576675
-0.03410276025533676
0.19131457805633545
0.09363938868045807
0.2799760103225708
0.4016001224517822
0.21200574934482574
0.2714594304561615
0.2906324565410614
0.23848192393779755
-0.05751626938581467
-0.05567258596420288
-0.037463296204805374
0.09382976591587067
-0.0006357969832606614
0.026776310056447983
-0.006732936482876539
-0.1249130591750145
-0.1701238602399826
-0.09570544958114624
-0.015738435089588165
0.017880847677588463
-0.11921977996826172
-0.03671034798026085
0.08922137320041656
-0.0001583815464982763
-0.03035316802561283
-0.22840872406959534
0.03416518494486809
0.22021275758743286
0.03658528998494148
-0.103755421936512
-0.06190294772386551
-0.1412651538848877
-0.11707842350006104
-0.05595901235938072
0.01663581281900406
-0.23001059889793396
-0.2438148558139801
0.13561537861824036
0.1448347568511963
0.6743140816688538
1.0039271116256714
0.657848596572876
0.22480615973472595
-0.019715791568160057
-0.14495256543159485
-0.105673648416996
-0.05731888487935066
0.05926019698381424
0.16992977261543274
0.10973919183015823
0.14944487810134888
0.44991210103034973
0.287367582321167
0.24464653432369232
-0.117039255797863
-0.35548996925354004
-0.20603451132774353
-0.08778152614831924
0.02059604786336422
0.29334506392478943
0.22527840733528137
-0.0178127009421587
0.20864632725715637
0.3775510787963867
0.550629734992981
0.5190699696540833
0.1821853667497635
-0.2165052741765976
-0.1395655870437622
-0.13119930028915405
-0.02552703768014908
-0.014611915685236454
-0.24946610629558563
-0.3536832332611084
-0.10084155946969986
0.5093774795532227
0.8084245920181274
0.43194207549095154
0.1427891105413437
-0.18459688127040863
-0.21412314474582672
-0.04882518947124481
-0.1316990852355957
-0.2946763336658478
-0.6048851013183594
-0.5481204390525818
0.05989012122154236
0.5162543654441833
0.1320941299200058
0.0013897507451474667
-0.1414075493812561
-0.42183658480644226
-0.3869180977344513
-0.0891808345913887
-0.12038341164588928
-0.2490188628435135
-0.5433250069618225
-0.22950252890586853
0.2898707985877991
0.4914438724517822
0.08155940473079681
-0.19594760239124298
-0.3203279674053192
-0.5085189938545227
-0.30591630935668945
-0.13506382703781128
-0.03730889782309532
-0.1769554615020752
-0.3797333836555481
-0.2755257189273834
0.036960478872060776
0.015063805505633354
-0.3158225119113922
-0.49082037806510925
-0.24393244087696075
-0.3000841438770294
-0.2212114930152893
-0.06613039970397949
-0.09041620045900345
-0.20973217487335205
-0.11972297728061676
-0.041830312460660934
-0.03263290226459503
-0.05888354033231735
-0.3793739974498749
-0.26087236404418945
-0.3283171057701111
-0.3046489953994751
-0.15743286907672882
0.07380292564630508
-0.02643834426999092
-0.033282551914453506
0.08684737980365753
0.17555293440818787
0.17373991012573242
-0.17703033983707428
-0.33752092719078064
-0.2537638247013092
-0.26662933826446533
-0.13252630829811096
-0.0437508188188076
-0.04484694451093674
-0.03178546205163002
0.15543726086616516
0.0949445366859436
0.3427545428276062
0.08807375282049179
-0.2049630582332611
-0.26791682839393616
-0.0888603925704956
0.033434849232435226
0.10332582145929337
-0.04696273431181908
0.025388086214661598
